{"id": "s000000_f000000_i000000", "scene_id": 0, "frame_id": 0, "inst_id": 0, "object_id": 1, "image": "../prepared/synth_view_bank/images/s000000_f000000_i000000.png", "depth": "../prepared/synth_view_bank/depth/s000000_f000000_i000000.npy", "mask": "../prepared/synth_view_bank/masks/s000000_f000000_i000000.png", "pose": [[-0.3972668945789337, -0.6379348635673523, -0.6597108244895935, -0.021578801795840263], [0.022302746772766113, 0.7119478583335876, -0.7018780708312988, -0.03286414593458176], [0.9174321889877319, -0.293546199798584, -0.26860564947128296, 3.258387565612793], [0.0, 0.0, 0.0, 1.0]], "K": [[1211.60302734375, 0.0, 132.885498046875], [0.0, 1211.60302734375, 138.7480926513672], [0.0, 0.0, 1.0]], "bbox_source": "mask_bbox", "crop_window_xyxy": [252, 169, 383, 300]}
{"id": "s000000_f000001_i000000", "scene_id": 0, "frame_id": 1, "inst_id": 0, "object_id": 1, "image": "../prepared/synth_view_bank/images/s000000_f000001_i000000.png", "depth": "../prepared/synth_view_bank/depth/s000000_f000001_i000000.npy", "mask": "../prepared/synth_view_bank/masks/s000000_f000001_i000000.png", "pose": [[-0.8933645486831665, 0.2854936122894287, -0.3469769060611725, -0.02620699629187584], [-0.059261396527290344, 0.6905979514122009, 0.7208068370819092, -0.02403346635401249], [0.44540730118751526, 0.6645057201385498, -0.6000369787216187, 1.509877324104309], [0.0, 0.0, 0.0, 1.0]], "K": [[592.23876953125, 0.0, 129.9104461669922], [0.0, 592.23876953125, 123.223876953125], [0.0, 0.0, 1.0]], "bbox_source": "mask_bbox", "crop_window_xyxy": [184, 111, 452, 379]}
{"id": "s000000_f000002_i000000", "scene_id": 0, "frame_id": 2, "inst_id": 0, "object_id": 1, "image": "../prepared/synth_view_bank/images/s000000_f000002_i000000.png", "depth": "../prepared/synth_view_bank/depth/s000000_f000002_i000000.npy", "mask": "../prepared/synth_view_bank/masks/s000000_f000002_i000000.png", "pose": [[0.7409186959266663, 0.6711801886558533, 0.023593436926603317, 0.04295787960290909], [-0.18486972153186798, 0.17005333304405212, 0.9679385423660278, 0.0019333205418661237], [0.6456490159034729, -0.7215254902839661, 0.2500765919685364, 2.8369882106781006], [0.0, 0.0, 0.0, 1.0]], "K": [[1058.13330078125, 0.0, 121.17333984375], [0.0, 1065.23486328125, 121.98657989501953], [0.0, 0.0, 1.0]], "bbox_source": "mask_bbox", "crop_window_xyxy": [249, 169, 399, 318]}
{"id": "s000000_f000003_i000000", "scene_id": 0, "frame_id": 3, "inst_id": 0, "object_id": 1, "image": "../prepared/synth_view_bank/images/s000000_f000003_i000000.png", "depth": "../prepared/synth_view_bank/depth/s000000_f000003_i000000.npy", "mask": "../prepared/synth_view_bank/masks/s000000_f000003_i000000.png", "pose": [[0.24450010061264038, 0.9108497500419617, 0.33252424001693726, -0.027119627222418785], [0.6981425285339355, -0.4033518135547638, 0.591526985168457, 0.03956415504217148], [0.6729165315628052, 0.08752092719078064, -0.7345225214958191, 3.965376615524292], [0.0, 0.0, 0.0, 1.0]], "K": [[1380.173828125, 0.0, 135.7913055419922], [0.0, 1392.28076171875, 125.75438690185547], [0.0, 0.0, 1.0]], "bbox_source": "mask_bbox", "crop_window_xyxy": [259, 184, 374, 298]}
{"id": "s000000_f000004_i000000", "scene_id": 0, "frame_id": 4, "inst_id": 0, "object_id": 1, "image": "../prepared/synth_view_bank/images/s000000_f000004_i000000.png", "depth": "../prepared/synth_view_bank/depth/s000000_f000004_i000000.npy", "mask": "../prepared/synth_view_bank/masks/s000000_f000004_i000000.png", "pose": [[0.9861553907394409, -0.1594189703464508, 0.04564082249999046, 0.05968393757939339], [-0.11396895349025726, -0.8515242338180542, -0.5117788910865784, -0.028856784105300903], [0.12045152485370636, 0.4994918704032898, -0.8579040765762329, 1.5900424718856812], [0.0, 0.0, 0.0, 1.0]], "K": [[738.2325439453125, 0.0, 110.7348861694336], [0.0, 738.2325439453125, 153.60000610351562], [0.0, 0.0, 1.0]], "bbox_source": "mask_bbox", "crop_window_xyxy": [227, 111, 442, 326]}
{"id": "s000000_f000005_i000000", "scene_id": 0, "frame_id": 5, "inst_id": 0, "object_id": 1, "image": "../prepared/synth_view_bank/images/s000000_f000005_i000000.png", "depth": "../prepared/synth_view_bank/depth/s000000_f000005_i000000.npy", "mask": "../prepared/synth_view_bank/masks/s000000_f000005_i000000.png", "pose": [[-0.8846524953842163, -0.29656678438186646, -0.3597751557826996, -0.038296762853860855], [-0.3254070580005646, -0.15990415215492249, 0.9319554567337036, -0.00838453508913517], [-0.3339165449142456, 0.9415300488471985, 0.044954657554626465, 2.5906033515930176], [0.0, 0.0, 0.0, 1.0]], "K": [[928.1871337890625, 0.0, 130.24562072753906], [0.0, 928.1871337890625, 128.74853515625], [0.0, 0.0, 1.0]], "bbox_source": "mask_bbox", "crop_window_xyxy": [233, 154, 404, 325]}
{"id": "s000000_f000006_i000000", "scene_id": 0, "frame_id": 6, "inst_id": 0, "object_id": 1, "image": "../prepared/synth_view_bank/images/s000000_f000006_i000000.png", "depth": "../prepared/synth_view_bank/depth/s000000_f000006_i000000.npy", "mask": "../prepared/synth_view_bank/masks/s000000_f000006_i000000.png", "pose": [[0.8475448489189148, 0.013531941920518875, -0.5305511951446533, 0.06535015255212784], [-0.47381681203842163, -0.4310638904571533, -0.7679073810577393, -0.02053322084248066], [-0.23909270763397217, 0.9022200107574463, -0.35893434286117554, 2.8608617782592773], [0.0, 0.0, 0.0, 1.0]], "K": [[1017.4359130859375, 0.0, 118.15384674072266], [0.0, 1017.4359130859375, 132.92308044433594], [0.0, 0.0, 1.0]], "bbox_source": "mask_bbox", "crop_window_xyxy": [248, 159, 404, 315]}
{"id": "s000000_f000007_i000000", "scene_id": 0, "frame_id": 7, "inst_id": 0, "object_id": 1, "image": "../prepared/synth_view_bank/images/s000000_f000007_i000000.png", "depth": "../prepared/synth_view_bank/depth/s000000_f000007_i000000.npy", "mask": "../prepared/synth_view_bank/masks/s000000_f000007_i000000.png", "pose": [[0.18045192956924438, 0.16775117814540863, -0.9691731929779053, -0.003464287146925926], [-0.9486232995986938, -0.23068967461585999, -0.21655508875846863, -0.051170121878385544], [-0.259905606508255, 0.9584580659866333, 0.11750426888465881, 2.133049964904785], [0.0, 0.0, 0.0, 1.0]], "K": [[809.7958984375, 0.0, 130.61224365234375], [0.0, 813.94873046875, 133.90769958496094], [0.0, 0.0, 1.0]], "bbox_source": "mask_bbox", "crop_window_xyxy": [220, 138, 416, 333]}
{"id": "s000000_f000008_i000000", "scene_id": 0, "frame_id": 8, "inst_id": 0, "object_id": 1, "image": "../prepared/synth_view_bank/images/s000000_f000008_i000000.png", "depth": "../prepared/synth_view_bank/depth/s000000_f000008_i000000.npy", "mask": "../prepared/synth_view_bank/masks/s000000_f000008_i000000.png", "pose": [[0.9734991788864136, 0.22777396440505981, -0.02045552432537079, 0.05886245146393776], [0.10851886123418808, -0.3813611567020416, 0.9180344939231873, 0.020404310896992683], [0.2013034075498581, -0.8959255814552307, -0.3959725499153137, 1.644940733909607], [0.0, 0.0, 0.0, 1.0]], "K": [[632.3505859375, 0.0, 115.2509994506836], [0.0, 632.3505859375, 124.43028259277344], [0.0, 0.0, 1.0]], "bbox_source": "mask_bbox", "crop_window_xyxy": [207, 118, 458, 369]}
{"id": "s000000_f000009_i000000", "scene_id": 0, "frame_id": 9, "inst_id": 0, "object_id": 1, "image": "../prepared/synth_view_bank/images/s000000_f000009_i000000.png", "depth": "../prepared/synth_view_bank/depth/s000000_f000009_i000000.npy", "mask": "../prepared/synth_view_bank/masks/s000000_f000009_i000000.png", "pose": [[0.05845552310347557, -0.7503681778907776, 0.6584303379058838, -0.0243715588003397], [-0.6784536242485046, 0.453969806432724, 0.5775916576385498, -0.02989193983376026], [-0.7323139309883118, -0.48047786951065063, -0.48255297541618347, 1.1658930778503418], [0.0, 0.0, 0.0, 1.0]], "K": [[418.7862854003906, 0.0, 136.4432830810547], [0.0, 418.7862854003906, 124.9604263305664], [0.0, 0.0, 1.0]], "bbox_source": "mask_bbox", "crop_window_xyxy": [118, 55, 497, 434]}
{"id": "s000000_f000010_i000000", "scene_id": 0, "frame_id": 10, "inst_id": 0, "object_id": 1, "image": "../prepared/synth_view_bank/images/s000000_f000010_i000000.png", "depth": "../prepared/synth_view_bank/depth/s000000_f000010_i000000.npy", "mask": "../prepared/synth_view_bank/masks/s000000_f000010_i000000.png", "pose": [[0.909807026386261, -0.15830449759960175, 0.3836546242237091, 0.07005835324525833], [0.16958440840244293, -0.701911985874176, -0.6917808055877686, 0.023314110934734344], [0.3788037896156311, 0.6944488883018494, -0.6117584705352783, 1.2305409908294678], [0.0, 0.0, 0.0, 1.0]], "K": [[469.5858154296875, 0.0, 105.27810668945312], [0.0, 469.5858154296875, 137.84616088867188], [0.0, 0.0, 1.0]], "bbox_source": "mask_bbox", "crop_window_xyxy": [181, 58, 519, 396]}
{"id": "s000000_f000011_i000000", "scene_id": 0, "frame_id": 11, "inst_id": 0, "object_id": 1, "image": "../prepared/synth_view_bank/images/s000000_f000011_i000000.png", "depth": "../prepared/synth_view_bank/depth/s000000_f000011_i000000.npy", "mask": "../prepared/synth_view_bank/masks/s000000_f000011_i000000.png", "pose": [[0.25474047660827637, -0.9530696868896484, 0.16360178589820862, 0.013884896412491798], [-0.9083160758018494, -0.2938739061355591, -0.29765784740448, -0.0634574219584465], [0.33176693320274353, -0.07277661561965942, -0.9405500888824463, 3.4517951011657715], [0.0, 0.0, 0.0, 1.0]], "K": [[1392.28076171875, 0.0, 128.0], [0.0, 1392.28076171875, 148.2105255126953], [0.0, 0.0, 1.0]], "bbox_source": "mask_bbox", "crop_window_xyxy": [263, 174, 377, 288]}
{"id": "s000000_f000012_i000000", "scene_id": 0, "frame_id": 12, "inst_id": 0, "object_id": 1, "image": "../prepared/synth_view_bank/images/s000000_f000012_i000000.png", "depth": "../prepared/synth_view_bank/depth/s000000_f000012_i000000.npy", "mask": "../prepared/synth_view_bank/masks/s000000_f000012_i000000.png", "pose": [[0.39028069376945496, -0.7130947113037109, -0.5823889970779419, 0.024352986365556717], [-0.4421129524707794, 0.40969887375831604, -0.7979241609573364, -0.028802921995520592], [0.8075996041297913, 0.5688961148262024, -0.15537084639072418, 3.079484701156616], [0.0, 0.0, 0.0, 1.0]], "K": [[1072.4324951171875, 0.0, 133.18919372558594], [0.0, 1072.4324951171875, 129.729736328125], [0.0, 0.0, 1.0]], "bbox_source": "mask_bbox", "crop_window_xyxy": [243, 165, 391, 313]}
{"id": "s000000_f000013_i000000", "scene_id": 0, "frame_id": 13, "inst_id": 0, "object_id": 1, "image": "../prepared/synth_view_bank/images/s000000_f000013_i000000.png", "depth": "../prepared/synth_view_bank/depth/s000000_f000013_i000000.npy", "mask": "../prepared/synth_view_bank/masks/s000000_f000013_i000000.png", "pose": [[-0.3472549319267273, -0.1714506894350052, -0.9219645857810974, -0.034628741443157196], [-0.6575883626937866, 0.7454426288604736, 0.10905422270298004, -0.03753437474370003], [0.668574333190918, 0.6441428065299988, -0.3716025948524475, 2.5246217250823975], [0.0, 0.0, 0.0, 1.0]], "K": [[886.703857421875, 0.0, 133.00558471679688], [0.0, 886.703857421875, 128.71507263183594], [0.0, 0.0, 1.0]], "bbox_source": "mask_bbox", "crop_window_xyxy": [227, 150, 406, 329]}
{"id": "s000000_f000014_i000000", "scene_id": 0, "frame_id": 14, "inst_id": 0, "object_id": 1, "image": "../prepared/synth_view_bank/images/s000000_f000014_i000000.png", "depth": "../prepared/synth_view_bank/depth/s000000_f000014_i000000.npy", "mask": "../prepared/synth_view_bank/masks/s000000_f000014_i000000.png", "pose": [[0.5725827813148499, 0.8037856817245483, -0.16148559749126434, 0.034625839442014694], [-0.1479996144771576, 0.29507267475128174, 0.9439429640769958, -0.008863208815455437], [0.8063777685165405, -0.5165857076644897, 0.2879134714603424, 1.8312017917633057], [0.0, 0.0, 0.0, 1.0]], "K": [[690.0869140625, 0.0, 121.32173156738281], [0.0, 687.0995483398438, 123.01298522949219], [0.0, 0.0, 1.0]], "bbox_source": "mask_bbox", "crop_window_xyxy": [211, 129, 441, 360]}
{"id": "s000000_f000015_i000000", "scene_id": 0, "frame_id": 15, "inst_id": 0, "object_id": 1, "image": "../prepared/synth_view_bank/images/s000000_f000015_i000000.png", "depth": "../prepared/synth_view_bank/depth/s000000_f000015_i000000.npy", "mask": "../prepared/synth_view_bank/masks/s000000_f000015_i000000.png", "pose": [[0.4916225075721741, 0.7089974284172058, 0.5055986046791077, 0.026349017396569252], [0.8256461024284363, -0.19495916366577148, -0.5294331908226013, 0.06358826905488968], [-0.2767956852912903, 0.6777268052101135, -0.6812272667884827, 2.5814948081970215], [0.0, 0.0, 0.0, 1.0]], "K": [[950.419189453125, 0.0, 114.97006225585938], [0.0, 956.14453125, 118.74698638916016], [0.0, 0.0, 1.0]], "bbox_source": "mask_bbox", "crop_window_xyxy": [245, 163, 412, 329]}
{"id": "s000000_f000016_i000000", "scene_id": 0, "frame_id": 16, "inst_id": 0, "object_id": 1, "image": "../prepared/synth_view_bank/images/s000000_f000016_i000000.png", "depth": "../prepared/synth_view_bank/depth/s000000_f000016_i000000.npy", "mask": "../prepared/synth_view_bank/masks/s000000_f000016_i000000.png", "pose": [[-0.366594135761261, 0.6264417767524719, 0.6878805160522461, -0.01573806256055832], [0.8669135570526123, -0.03840053826570511, 0.496977299451828, 0.04401298239827156], [0.33774226903915405, 0.7785218358039856, -0.528993546962738, 3.913292169570923], [0.0, 0.0, 0.0, 1.0]], "K": [[1483.3643798828125, 0.0, 122.01868438720703], [0.0, 1483.3643798828125, 122.01868438720703], [0.0, 0.0, 1.0]], "bbox_source": "mask_bbox", "crop_window_xyxy": [269, 189, 376, 296]}
{"id": "s000000_f000017_i000000", "scene_id": 0, "frame_id": 17, "inst_id": 0, "object_id": 1, "image": "../prepared/synth_view_bank/images/s000000_f000017_i000000.png", "depth": "../prepared/synth_view_bank/depth/s000000_f000017_i000000.npy", "mask": "../prepared/synth_view_bank/masks/s000000_f000017_i000000.png", "pose": [[-0.6392342448234558, 0.5093134045600891, -0.5761765837669373, -0.06793443858623505], [0.5368956923484802, 0.8319876194000244, 0.13978417217731476, 0.01306734886020422], [0.5505657196044922, -0.21999187767505646, -0.8052831292152405, 3.716475248336792], [0.0, 0.0, 0.0, 1.0]], "K": [[1311.7354736328125, 0.0, 141.75205993652344], [0.0, 1322.666748046875, 128.0], [0.0, 0.0, 1.0]], "bbox_source": "mask_bbox", "crop_window_xyxy": [253, 180, 374, 300]}
{"id": "s000000_f000018_i000000", "scene_id": 0, "frame_id": 18, "inst_id": 0, "object_id": 1, "image": "../prepared/synth_view_bank/images/s000000_f000018_i000000.png", "depth": "../prepared/synth_view_bank/depth/s000000_f000018_i000000.npy", "mask": "../prepared/synth_view_bank/masks/s000000_f000018_i000000.png", "pose": [[-0.6594090461730957, -0.04248534142971039, -0.7505829930305481, -0.024524711072444916], [0.25786736607551575, 0.9250494837760925, -0.2789047062397003, 0.008279656991362572], [0.7061758041381836, -0.37746313214302063, -0.5990304350852966, 1.3279322385787964], [0.0, 0.0, 0.0, 1.0]], "K": [[448.361572265625, 0.0, 129.4463348388672], [0.0, 449.6317138671875, 134.164306640625], [0.0, 0.0, 1.0]], "bbox_source": "mask_bbox", "crop_window_xyxy": [141, 55, 495, 408]}
{"id": "s000000_f000019_i000000", "scene_id": 0, "frame_id": 19, "inst_id": 0, "object_id": 1, "image": "../prepared/synth_view_bank/images/s000000_f000019_i000000.png", "depth": "../prepared/synth_view_bank/depth/s000000_f000019_i000000.npy", "mask": "../prepared/synth_view_bank/masks/s000000_f000019_i000000.png", "pose": [[-0.1435430496931076, 0.41413432359695435, 0.8988260626792908, -0.022726092487573624], [0.24193811416625977, -0.8659883141517639, 0.4376419186592102, 0.046478670090436935], [0.9596152901649475, 0.2802807092666626, 0.024111585691571236, 2.057281970977783], [0.0, 0.0, 0.0, 1.0]], "K": [[789.6517333984375, 0.0, 126.08954620361328], [0.0, 785.7425537109375, 125.46534729003906], [0.0, 0.0, 1.0]], "bbox_source": "mask_bbox", "crop_window_xyxy": [221, 141, 422, 343]}
{"id": "s000000_f000020_i000000", "scene_id": 0, "frame_id": 20, "inst_id": 0, "object_id": 1, "image": "../prepared/synth_view_bank/images/s000000_f000020_i000000.png", "depth": "../prepared/synth_view_bank/depth/s000000_f000020_i000000.npy", "mask": "../prepared/synth_view_bank/masks/s000000_f000020_i000000.png", "pose": [[0.4917532205581665, 0.3155445456504822, 0.8115481734275818, -0.008617540821433067], [0.8612831234931946, -0.039319079369306564, -0.5066019296646118, 0.015081267803907394], [-0.1279461830854416, 0.9480958580970764, -0.29110848903656006, 3.469820976257324], [0.0, 0.0, 0.0, 1.0]], "K": [[1220.923095703125, 0.0, 135.87692260742188], [0.0, 1220.923095703125, 135.87692260742188], [0.0, 0.0, 1.0]], "bbox_source": "mask_bbox", "crop_window_xyxy": [251, 171, 381, 301]}
{"id": "s000000_f000021_i000000", "scene_id": 0, "frame_id": 21, "inst_id": 0, "object_id": 1, "image": "../prepared/synth_view_bank/images/s000000_f000021_i000000.png", "depth": "../prepared/synth_view_bank/depth/s000000_f000021_i000000.npy", "mask": "../prepared/synth_view_bank/masks/s000000_f000021_i000000.png", "pose": [[0.9724889993667603, 0.14560173451900482, -0.1818385273218155, 0.041096679866313934], [-0.13823939859867096, -0.26757436990737915, -0.9535689949989319, 0.028694020584225655], [-0.1874966323375702, 0.9524726271629333, -0.24008525907993317, 2.6209707260131836], [0.0, 0.0, 0.0, 1.0]], "K": [[1030.6492919921875, 0.0, 128.0], [0.0, 1024.0, 117.26451110839844], [0.0, 0.0, 1.0]], "bbox_source": "mask_bbox", "crop_window_xyxy": [243, 169, 397, 324]}
{"id": "s000000_f000022_i000000", "scene_id": 0, "frame_id": 22, "inst_id": 0, "object_id": 1, "image": "../prepared/synth_view_bank/images/s000000_f000022_i000000.png", "depth": "../prepared/synth_view_bank/depth/s000000_f000022_i000000.npy", "mask": "../prepared/synth_view_bank/masks/s000000_f000022_i000000.png", "pose": [[0.8343329429626465, 0.33727437257766724, 0.43604427576065063, 0.01975983753800392], [-0.44889408349990845, -0.04345012083649635, 0.8925280570983887, -0.012901769019663334], [0.319972962141037, -0.9404032230377197, 0.11514858901500702, 1.262200117111206], [0.0, 0.0, 0.0, 1.0]], "K": [[422.1276550292969, 0.0, 129.3616943359375], [0.0, 423.2533264160156, 126.2933349609375], [0.0, 0.0, 1.0]], "bbox_source": "mask_bbox", "crop_window_xyxy": [130, 55, 506, 430]}
{"id": "s000000_f000023_i000000", "scene_id": 0, "frame_id": 23, "inst_id": 0, "object_id": 1, "image": "../prepared/synth_view_bank/images/s000000_f000023_i000000.png", "depth": "../prepared/synth_view_bank/depth/s000000_f000023_i000000.npy", "mask": "../prepared/synth_view_bank/masks/s000000_f000023_i000000.png", "pose": [[-0.9985975623130798, -0.04525423422455788, -0.027479859068989754, -0.02630508691072464], [-0.035834528505802155, 0.9597951173782349, -0.2784048020839691, -0.031215481460094452], [0.038974031805992126, -0.2770296037197113, -0.9600707292556763, 1.6378874778747559], [0.0, 0.0, 0.0, 1.0]], "K": [[805.6852416992188, 0.0, 126.0507583618164], [0.0, 805.6852416992188, 142.94415283203125], [0.0, 0.0, 1.0]], "bbox_source": "mask_bbox", "crop_window_xyxy": [223, 130, 420, 327]}
{"id": "s000000_f000024_i000000", "scene_id": 0, "frame_id": 24, "inst_id": 0, "object_id": 1, "image": "../prepared/synth_view_bank/images/s000000_f000024_i000000.png", "depth": "../prepared/synth_view_bank/depth/s000000_f000024_i000000.npy", "mask": "../prepared/synth_view_bank/masks/s000000_f000024_i000000.png", "pose": [[-0.30973362922668457, 0.22163331508636475, 0.9246318340301514, 0.004821219481527805], [-0.8729190230369568, -0.4517892599105835, -0.18411731719970703, -0.015005908906459808], [0.3769320845603943, -0.8641558885574341, 0.33340203762054443, 3.144224166870117], [0.0, 0.0, 0.0, 1.0]], "K": [[1125.6737060546875, 0.0, 119.82978057861328], [0.0, 1117.7464599609375, 124.39436340332031], [0.0, 0.0, 1.0]], "bbox_source": "mask_bbox", "crop_window_xyxy": [254, 171, 395, 313]}
{"id": "s000000_f000025_i000000", "scene_id": 0, "frame_id": 25, "inst_id": 0, "object_id": 1, "image": "../prepared/synth_view_bank/images/s000000_f000025_i000000.png", "depth": "../prepared/synth_view_bank/depth/s000000_f000025_i000000.npy", "mask": "../prepared/synth_view_bank/masks/s000000_f000025_i000000.png", "pose": [[-0.04371245205402374, 0.7573009729385376, -0.6516015529632568, -0.021373800933361053], [0.9952515363693237, 0.08978701382875443, 0.0375857912003994, 0.05915217474102974], [0.08696912974119186, -0.6468644738197327, -0.7576297521591187, 1.293716549873352], [0.0, 0.0, 0.0, 1.0]], "K": [[572.9963989257812, 0.0, 136.77978515625], [0.0, 575.0724487304688, 108.52174377441406], [0.0, 0.0, 1.0]], "bbox_source": "mask_bbox", "crop_window_xyxy": [172, 123, 449, 399]}
{"id": "s000000_f000026_i000000", "scene_id": 0, "frame_id": 26, "inst_id": 0, "object_id": 1, "image": "../prepared/synth_view_bank/images/s000000_f000026_i000000.png", "depth": "../prepared/synth_view_bank/depth/s000000_f000026_i000000.npy", "mask": "../prepared/synth_view_bank/masks/s000000_f000026_i000000.png", "pose": [[-0.44565749168395996, 0.7067034244537354, 0.5495086312294006, -0.039300158619880676], [0.5263129472732544, -0.28969964385032654, 0.7994178533554077, 0.03822791576385498], [0.7241437435150146, 0.6454800367355347, -0.24284043908119202, 3.632129430770874], [0.0, 0.0, 0.0, 1.0]], "K": [[1249.7637939453125, 0.0, 126.99212646484375], [0.0, 1240.0, 124.0], [0.0, 0.0, 1.0]], "bbox_source": "mask_bbox", "crop_window_xyxy": [257, 178, 384, 306]}
{"id": "s000000_f000027_i000000", "scene_id": 0, "frame_id": 27, "inst_id": 0, "object_id": 1, "image": "../prepared/synth_view_bank/images/s000000_f000027_i000000.png", "depth": "../prepared/synth_view_bank/depth/s000000_f000027_i000000.npy", "mask": "../prepared/synth_view_bank/masks/s000000_f000027_i000000.png", "pose": [[-0.7480689287185669, 0.17988407611846924, 0.6387758851051331, -0.01957179419696331], [0.5460756421089172, 0.7138100266456604, 0.43849363923072815, 0.0035060166846960783], [-0.3770866096019745, 0.6768434047698975, -0.6322094202041626, 1.204885482788086], [0.0, 0.0, 0.0, 1.0]], "K": [[426.6666564941406, 0.0, 121.11827850341797], [0.0, 427.81671142578125, 121.44474029541016], [0.0, 0.0, 1.0]], "bbox_source": "mask_bbox", "crop_window_xyxy": [144, 64, 516, 435]}
{"id": "s000000_f000028_i000000", "scene_id": 0, "frame_id": 28, "inst_id": 0, "object_id": 1, "image": "../prepared/synth_view_bank/images/s000000_f000028_i000000.png", "depth": "../prepared/synth_view_bank/depth/s000000_f000028_i000000.npy", "mask": "../prepared/synth_view_bank/masks/s000000_f000028_i000000.png", "pose": [[-0.8721165657043457, -0.3897932767868042, 0.29576024413108826, -0.04874255508184433], [0.19509942829608917, 0.27730438113212585, 0.9407649040222168, 0.014748580753803253], [-0.44871944189071655, 0.8781591653823853, -0.16579338908195496, 3.165194511413574], [0.0, 0.0, 0.0, 1.0]], "K": [[1211.60302734375, 0.0, 136.7938995361328], [0.0, 1211.60302734375, 123.114501953125], [0.0, 0.0, 1.0]], "bbox_source": "mask_bbox", "crop_window_xyxy": [250, 177, 381, 308]}
{"id": "s000000_f000029_i000000", "scene_id": 0, "frame_id": 29, "inst_id": 0, "object_id": 1, "image": "../prepared/synth_view_bank/images/s000000_f000029_i000000.png", "depth": "../prepared/synth_view_bank/depth/s000000_f000029_i000000.npy", "mask": "../prepared/synth_view_bank/masks/s000000_f000029_i000000.png", "pose": [[0.6350730061531067, -0.22942261397838593, 0.7375957369804382, 0.012759634293615818], [-0.513861358165741, -0.8384202122688293, 0.18165358901023865, -0.017557471990585327], [0.5767397880554199, -0.4943852424621582, -0.650349497795105, 2.4365181922912598], [0.0, 0.0, 0.0, 1.0]], "K": [[822.3834228515625, 0.0, 131.31605529785156], [0.0, 822.3834228515625, 126.01036071777344], [0.0, 0.0, 1.0]], "bbox_source": "mask_bbox", "crop_window_xyxy": [221, 145, 414, 338]}
{"id": "s000000_f000030_i000000", "scene_id": 0, "frame_id": 30, "inst_id": 0, "object_id": 1, "image": "../prepared/synth_view_bank/images/s000000_f000030_i000000.png", "depth": "../prepared/synth_view_bank/depth/s000000_f000030_i000000.npy", "mask": "../prepared/synth_view_bank/masks/s000000_f000030_i000000.png", "pose": [[-0.949005126953125, 0.2525867223739624, 0.18865211308002472, -0.03776856139302254], [-0.21949899196624756, -0.09984972327947617, -0.9704897999763489, 0.021253734827041626], [-0.22629596292972565, -0.9624085426330566, 0.1502002328634262, 3.2788515090942383], [0.0, 0.0, 0.0, 1.0]], "K": [[1240.0, 0.0, 126.0], [0.0, 1230.3875732421875, 119.06976318359375], [0.0, 0.0, 1.0]], "bbox_source": "mask_bbox", "crop_window_xyxy": [257, 180, 385, 309]}
{"id": "s000000_f000031_i000000", "scene_id": 0, "frame_id": 31, "inst_id": 0, "object_id": 1, "image": "../prepared/synth_view_bank/images/s000000_f000031_i000000.png", "depth": "../prepared/synth_view_bank/depth/s000000_f000031_i000000.npy", "mask": "../prepared/synth_view_bank/masks/s000000_f000031_i000000.png", "pose": [[0.4989883601665497, 0.5239063501358032, -0.6903135180473328, 0.03253063187003136], [0.8596291542053223, -0.19833920896053314, 0.47084954380989075, 0.0384039431810379], [0.10976480692625046, -0.8283621072769165, -0.5493341088294983, 2.4967219829559326], [0.0, 0.0, 0.0, 1.0]], "K": [[876.9061279296875, 0.0, 121.63536071777344], [0.0, 876.9061279296875, 125.87845611572266], [0.0, 0.0, 1.0]], "bbox_source": "mask_bbox", "crop_window_xyxy": [234, 151, 415, 332]}
{"id": "s000000_f000032_i000000", "scene_id": 0, "frame_id": 32, "inst_id": 0, "object_id": 1, "image": "../prepared/synth_view_bank/images/s000000_f000032_i000000.png", "depth": "../prepared/synth_view_bank/depth/s000000_f000032_i000000.npy", "mask": "../prepared/synth_view_bank/masks/s000000_f000032_i000000.png", "pose": [[-0.3464937210083008, -0.9231840372085571, -0.16635343432426453, -0.025418007746338844], [-0.520397424697876, 0.04162774607539177, 0.8529089689254761, -0.02890985831618309], [-0.7804669737815857, 0.382097452878952, -0.4948464035987854, 1.0941574573516846], [0.0, 0.0, 0.0, 1.0]], "K": [[384.3099365234375, 0.0, 145.66586303710938], [0.0, 384.3099365234375, 133.8886260986328], [0.0, 0.0, 1.0]], "bbox_source": "mask_bbox", "crop_window_xyxy": [85, 24, 498, 437]}
{"id": "s000000_f000033_i000000", "scene_id": 0, "frame_id": 33, "inst_id": 0, "object_id": 1, "image": "../prepared/synth_view_bank/images/s000000_f000033_i000000.png", "depth": "../prepared/synth_view_bank/depth/s000000_f000033_i000000.npy", "mask": "../prepared/synth_view_bank/masks/s000000_f000033_i000000.png", "pose": [[-0.02936665713787079, 0.7376099228858948, -0.6745882034301758, -0.027132363989949226], [-0.25535663962364197, 0.6469492316246033, 0.7185052037239075, -0.012341820634901524], [0.9664009213447571, 0.19336062669754028, 0.16935484111309052, 2.9430086612701416], [0.0, 0.0, 0.0, 1.0]], "K": [[1125.6737060546875, 0.0, 130.72340393066406], [0.0, 1133.7142333984375, 120.68571472167969], [0.0, 0.0, 1.0]], "bbox_source": "mask_bbox", "crop_window_xyxy": [248, 174, 389, 314]}
{"id": "s000000_f000034_i000000", "scene_id": 0, "frame_id": 34, "inst_id": 0, "object_id": 1, "image": "../prepared/synth_view_bank/images/s000000_f000034_i000000.png", "depth": "../prepared/synth_view_bank/depth/s000000_f000034_i000000.npy", "mask": "../prepared/synth_view_bank/masks/s000000_f000034_i000000.png", "pose": [[-0.13266102969646454, -0.4275526702404022, 0.8942033052444458, -0.014210452325642109], [-0.12066163122653961, 0.9024336934089661, 0.41358694434165955, -0.006962345447391272], [-0.9837893843650818, -0.053029123693704605, -0.17130698263645172, 3.7164194583892822], [0.0, 0.0, 0.0, 1.0]], "K": [[1442.9090576171875, 0.0, 137.30908203125], [0.0, 1442.9090576171875, 125.67272186279297], [0.0, 0.0, 1.0]], "bbox_source": "mask_bbox", "crop_window_xyxy": [261, 186, 371, 296]}
{"id": "s000000_f000035_i000000", "scene_id": 0, "frame_id": 35, "inst_id": 0, "object_id": 1, "image": "../prepared/synth_view_bank/images/s000000_f000035_i000000.png", "depth": "../prepared/synth_view_bank/depth/s000000_f000035_i000000.npy", "mask": "../prepared/synth_view_bank/masks/s000000_f000035_i000000.png", "pose": [[0.45696231722831726, 0.7762666344642639, 0.4342760145664215, 0.014361095614731312], [0.28119605779647827, 0.33712032437324524, -0.8984869122505188, 0.03500262275338173], [-0.843868613243103, 0.5326913595199585, -0.06423185020685196, 3.2696547508239746], [0.0, 0.0, 0.0, 1.0]], "K": [[1202.42431640625, 0.0, 120.242431640625], [0.0, 1202.42431640625, 116.36363983154297], [0.0, 0.0, 1.0]], "bbox_source": "mask_bbox", "crop_window_xyxy": [258, 180, 390, 312]}
{"id": "s000000_f000036_i000000", "scene_id": 0, "frame_id": 36, "inst_id": 0, "object_id": 1, "image": "../prepared/synth_view_bank/images/s000000_f000036_i000000.png", "depth": "../prepared/synth_view_bank/depth/s000000_f000036_i000000.npy", "mask": "../prepared/synth_view_bank/masks/s000000_f000036_i000000.png", "pose": [[0.14690278470516205, -0.3401848077774048, -0.9288132190704346, 0.03884405270218849], [-0.4420410692691803, 0.8174418210983276, -0.3693082928657532, -0.03339606523513794], [0.8848838210105896, 0.4648260176181793, -0.030291179195046425, 1.9476938247680664], [0.0, 0.0, 0.0, 1.0]], "K": [[752.2275390625, 0.0, 122.54029083251953], [0.0, 748.6792602539062, 125.58490753173828], [0.0, 0.0, 1.0]], "bbox_source": "mask_bbox", "crop_window_xyxy": [219, 136, 430, 348]}
{"id": "s000000_f000037_i000000", "scene_id": 0, "frame_id": 37, "inst_id": 0, "object_id": 1, "image": "../prepared/synth_view_bank/images/s000000_f000037_i000000.png", "depth": "../prepared/synth_view_bank/depth/s000000_f000037_i000000.npy", "mask": "../prepared/synth_view_bank/masks/s000000_f000037_i000000.png", "pose": [[-0.017278073355555534, 0.15284036099910736, 0.9880998730659485, 0.017904803156852722], [-0.4334801435470581, -0.8916864395141602, 0.1303471475839615, 0.002137335715815425], [0.900997519493103, -0.4260695278644562, 0.08165980875492096, 3.5036282539367676], [0.0, 0.0, 0.0, 1.0]], "K": [[1417.1429443359375, 0.0, 118.85714721679688], [0.0, 1429.909912109375, 122.23423767089844], [0.0, 0.0, 1.0]], "bbox_source": "mask_bbox", "crop_window_xyxy": [268, 187, 380, 298]}
{"id": "s000000_f000038_i000000", "scene_id": 0, "frame_id": 38, "inst_id": 0, "object_id": 1, "image": "../prepared/synth_view_bank/images/s000000_f000038_i000000.png", "depth": "../prepared/synth_view_bank/depth/s000000_f000038_i000000.npy", "mask": "../prepared/synth_view_bank/masks/s000000_f000038_i000000.png", "pose": [[-0.19919589161872864, 0.6579388976097107, -0.7262488603591919, -0.024492846801877022], [0.8254569172859192, 0.5120697021484375, 0.2374984174966812, 0.03341825678944588], [0.5281494855880737, -0.5521784424781799, -0.6451024413108826, 3.428330898284912], [0.0, 0.0, 0.0, 1.0]], "K": [[1333.7816162109375, 0.0, 129.0756378173828], [0.0, 1345.084716796875, 121.49152374267578], [0.0, 0.0, 1.0]], "bbox_source": "mask_bbox", "crop_window_xyxy": [260, 184, 379, 302]}
{"id": "s000000_f000039_i000000", "scene_id": 0, "frame_id": 39, "inst_id": 0, "object_id": 1, "image": "../prepared/synth_view_bank/images/s000000_f000039_i000000.png", "depth": "../prepared/synth_view_bank/depth/s000000_f000039_i000000.npy", "mask": "../prepared/synth_view_bank/masks/s000000_f000039_i000000.png", "pose": [[0.003745830152183771, 0.068122997879982, 0.9976698756217957, -0.020428653806447983], [-0.625710129737854, -0.7780802249908447, 0.05547821894288063, -0.0032635668758302927], [0.7800466418266296, -0.624459981918335, 0.039710745215415955, 2.651320457458496], [0.0, 0.0, 0.0, 1.0]], "K": [[1072.4324951171875, 0.0, 136.64865112304688], [0.0, 1072.4324951171875, 121.08108520507812], [0.0, 0.0, 1.0]], "bbox_source": "mask_bbox", "crop_window_xyxy": [241, 170, 389, 318]}
{"id": "s000000_f000040_i000000", "scene_id": 0, "frame_id": 40, "inst_id": 0, "object_id": 1, "image": "../prepared/synth_view_bank/images/s000000_f000040_i000000.png", "depth": "../prepared/synth_view_bank/depth/s000000_f000040_i000000.npy", "mask": "../prepared/synth_view_bank/masks/s000000_f000040_i000000.png", "pose": [[-0.8909372091293335, -0.290940523147583, -0.3486897647380829, -0.020540857687592506], [-0.1269160956144333, 0.8967496156692505, -0.42394861578941345, -0.03729173168540001], [0.4360312521457672, -0.33345726132392883, -0.8358726501464844, 2.0154590606689453], [0.0, 0.0, 0.0, 1.0]], "K": [[785.7425537109375, 0.0, 131.80197143554688], [0.0, 781.8718872070312, 136.19703674316406], [0.0, 0.0, 1.0]], "bbox_source": "mask_bbox", "crop_window_xyxy": [216, 132, 418, 335]}
{"id": "s000000_f000041_i000000", "scene_id": 0, "frame_id": 41, "inst_id": 0, "object_id": 1, "image": "../prepared/synth_view_bank/images/s000000_f000041_i000000.png", "depth": "../prepared/synth_view_bank/depth/s000000_f000041_i000000.npy", "mask": "../prepared/synth_view_bank/masks/s000000_f000041_i000000.png", "pose": [[-0.7757437825202942, 0.0011021650861948729, 0.631047248840332, -0.03181108459830284], [0.6161569952964783, -0.21463602781295776, 0.7578140497207642, 0.032059863209724426], [0.13628065586090088, 0.9766935706138611, 0.16582328081130981, 2.327662229537964], [0.0, 0.0, 0.0, 1.0]], "K": [[801.6161499023438, 0.0, 129.2929229736328], [0.0, 797.5879516601562, 126.07035064697266], [0.0, 0.0, 1.0]], "bbox_source": "mask_bbox", "crop_window_xyxy": [220, 142, 418, 341]}
{"id": "s000000_f000042_i000000", "scene_id": 0, "frame_id": 42, "inst_id": 0, "object_id": 1, "image": "../prepared/synth_view_bank/images/s000000_f000042_i000000.png", "depth": "../prepared/synth_view_bank/depth/s000000_f000042_i000000.npy", "mask": "../prepared/synth_view_bank/masks/s000000_f000042_i000000.png", "pose": [[-0.04135472699999809, -0.9054548144340515, 0.42242321372032166, -0.007508333772420883], [-0.9386482238769531, -0.10967255383729935, -0.3269731402397156, -0.04506761208176613], [0.3423876464366913, -0.4100286662578583, -0.8453681468963623, 1.0594977140426636], [0.0, 0.0, 0.0, 1.0]], "K": [[418.7862854003906, 0.0, 126.31134796142578], [0.0, 417.6842346191406, 147.53684997558594], [0.0, 0.0, 1.0]], "bbox_source": "mask_bbox", "crop_window_xyxy": [133, 21, 512, 401]}
{"id": "s000000_f000043_i000000", "scene_id": 0, "frame_id": 43, "inst_id": 0, "object_id": 1, "image": "../prepared/synth_view_bank/images/s000000_f000043_i000000.png", "depth": "../prepared/synth_view_bank/depth/s000000_f000043_i000000.npy", "mask": "../prepared/synth_view_bank/masks/s000000_f000043_i000000.png", "pose": [[0.14067597687244415, -0.6090134978294373, -0.780584990978241, 0.03059672750532627], [-0.630937933921814, -0.6627354025840759, 0.40336015820503235, -0.02728334255516529], [-0.7629729509353638, 0.4357575476169586, -0.4774807095527649, 1.65285062789917], [0.0, 0.0, 0.0, 1.0]], "K": [[658.5892333984375, 0.0, 118.97096252441406], [0.0, 658.5892333984375, 134.90457153320312], [0.0, 0.0, 1.0]], "bbox_source": "mask_bbox", "crop_window_xyxy": [208, 113, 449, 354]}
{"id": "s000000_f000044_i000000", "scene_id": 0, "frame_id": 44, "inst_id": 0, "object_id": 1, "image": "../prepared/synth_view_bank/images/s000000_f000044_i000000.png", "depth": "../prepared/synth_view_bank/depth/s000000_f000044_i000000.npy", "mask": "../prepared/synth_view_bank/masks/s000000_f000044_i000000.png", "pose": [[-0.5520331859588623, -0.1947477161884308, -0.810760498046875, -0.028599051758646965], [-0.6540234684944153, -0.5020086169242859, 0.5658980011940002, -0.004602812696248293], [-0.517216145992279, 0.8426509499549866, 0.14975591003894806, 3.8432154655456543], [0.0, 0.0, 0.0, 1.0]], "K": [[1322.666748046875, 0.0, 130.1333465576172], [0.0, 1322.666748046875, 125.8666763305664], [0.0, 0.0, 1.0]], "bbox_source": "mask_bbox", "crop_window_xyxy": [259, 181, 379, 301]}
{"id": "s000000_f000045_i000000", "scene_id": 0, "frame_id": 45, "inst_id": 0, "object_id": 1, "image": "../prepared/synth_view_bank/images/s000000_f000045_i000000.png", "depth": "../prepared/synth_view_bank/depth/s000000_f000045_i000000.npy", "mask": "../prepared/synth_view_bank/masks/s000000_f000045_i000000.png", "pose": [[0.17283381521701813, 0.11310146749019623, -0.978435754776001, 0.0228335689753294], [0.1342528760433197, -0.9868191480636597, -0.09035570919513702, 0.0449969619512558], [-0.9757584929466248, -0.1157412901520729, -0.1857399195432663, 3.0683813095092773], [0.0, 0.0, 0.0, 1.0]], "K": [[1193.383544921875, 0.0, 117.41353607177734], [0.0, 1193.383544921875, 113.56391143798828], [0.0, 0.0, 1.0]], "bbox_source": "mask_bbox", "crop_window_xyxy": [259, 181, 392, 314]}
{"id": "s000000_f000046_i000000", "scene_id": 0, "frame_id": 46, "inst_id": 0, "object_id": 1, "image": "../prepared/synth_view_bank/images/s000000_f000046_i000000.png", "depth": "../prepared/synth_view_bank/depth/s000000_f000046_i000000.npy", "mask": "../prepared/synth_view_bank/masks/s000000_f000046_i000000.png", "pose": [[-0.01678158901631832, 0.8836374282836914, 0.4678713083267212, 0.01486386638134718], [0.06846742331981659, 0.46785423159599304, -0.8811497092247009, -0.0024362346157431602], [-0.9975123405456543, 0.017246969044208527, -0.06835177540779114, 1.9174755811691284], [0.0, 0.0, 0.0, 1.0]], "K": [[763.0769653320312, 0.0, 114.46154022216797], [0.0, 763.0769653320312, 124.30769348144531], [0.0, 0.0, 1.0]], "bbox_source": "mask_bbox", "crop_window_xyxy": [227, 139, 435, 347]}
{"id": "s000000_f000047_i000000", "scene_id": 0, "frame_id": 47, "inst_id": 0, "object_id": 1, "image": "../prepared/synth_view_bank/images/s000000_f000047_i000000.png", "depth": "../prepared/synth_view_bank/depth/s000000_f000047_i000000.npy", "mask": "../prepared/synth_view_bank/masks/s000000_f000047_i000000.png", "pose": [[0.25287291407585144, -0.7276914715766907, 0.6375895738601685, 0.02436641789972782], [0.0559050552546978, -0.6469165086746216, -0.7605088353157043, 0.025923119857907295], [0.9658830165863037, 0.22795657813549042, -0.12290605157613754, 2.8733744621276855], [0.0, 0.0, 0.0, 1.0]], "K": [[1150.1448974609375, 0.0, 131.71014404296875], [0.0, 1158.5401611328125, 128.93431091308594], [0.0, 0.0, 1.0]], "bbox_source": "mask_bbox", "crop_window_xyxy": [249, 171, 387, 308]}
{"id": "s000000_f000048_i000000", "scene_id": 0, "frame_id": 48, "inst_id": 0, "object_id": 1, "image": "../prepared/synth_view_bank/images/s000000_f000048_i000000.png", "depth": "../prepared/synth_view_bank/depth/s000000_f000048_i000000.npy", "mask": "../prepared/synth_view_bank/masks/s000000_f000048_i000000.png", "pose": [[-0.3222845792770386, -0.43263480067253113, -0.8419975638389587, 0.009639129042625427], [-0.43830224871635437, 0.856570303440094, -0.27235719561576843, -0.013341812416911125], [0.8390613198280334, 0.28127288818359375, -0.4656842052936554, 1.8851765394210815], [0.0, 0.0, 0.0, 1.0]], "K": [[675.4042358398438, 0.0, 118.74042510986328], [0.0, 672.5423583984375, 122.5762710571289], [0.0, 0.0, 1.0]], "bbox_source": "mask_bbox", "crop_window_xyxy": [211, 127, 446, 363]}
{"id": "s000000_f000049_i000000", "scene_id": 0, "frame_id": 49, "inst_id": 0, "object_id": 1, "image": "../prepared/synth_view_bank/images/s000000_f000049_i000000.png", "depth": "../prepared/synth_view_bank/depth/s000000_f000049_i000000.npy", "mask": "../prepared/synth_view_bank/masks/s000000_f000049_i000000.png", "pose": [[0.8414039611816406, -0.5034356117248535, -0.1964484453201294, 0.015589217655360699], [-0.5397635102272034, -0.7651771903038025, -0.35094061493873596, -0.022331295534968376], [0.026358123868703842, 0.4013185203075409, -0.9155592918395996, 1.4736772775650024], [0.0, 0.0, 0.0, 1.0]], "K": [[585.6826782226562, 0.0, 144.5313720703125], [0.0, 585.6826782226562, 141.69741821289062], [0.0, 0.0, 1.0]], "bbox_source": "mask_bbox", "crop_window_xyxy": [167, 90, 438, 361]}
