{"id": "s000000_f000000_i000000", "scene_id": 0, "frame_id": 0, "inst_id": 0, "object_id": 1, "image": "../prepared/synth_targets/images/s000000_f000000_i000000.png", "K": [[1211.60302734375, 0.0, 132.885498046875], [0.0, 1211.60302734375, 138.7480926513672], [0.0, 0.0, 1.0]], "init_pose": [[-0.4100148379802704, -0.6204389333724976, -0.6685383915901184, -0.007390528917312622], [0.05808190628886223, 0.713733971118927, -0.6980045437812805, -0.022262176498770714], [0.9102277755737305, -0.3250221312046051, -0.2566052973270416, 3.2819182872772217], [0.0, 0.0, 0.0, 1.0]], "mesh_points": "../../../fafa_repro-4/mesh/bluerov_points_m.npy", "symmetric": true, "bbox_source": "mask_bbox", "crop_window_xyxy": [252, 169, 383, 300], "gt_pose": [[-0.3972668945789337, -0.6379348635673523, -0.6597108244895935, -0.021578801795840263], [0.022302746772766113, 0.7119478583335876, -0.7018780708312988, -0.03286414593458176], [0.9174321889877319, -0.293546199798584, -0.26860564947128296, 3.258387565612793], [0.0, 0.0, 0.0, 1.0]]}
{"id": "s000000_f000001_i000000", "scene_id": 0, "frame_id": 1, "inst_id": 0, "object_id": 1, "image": "../prepared/synth_targets/images/s000000_f000001_i000000.png", "K": [[592.23876953125, 0.0, 129.9104461669922], [0.0, 592.23876953125, 123.223876953125], [0.0, 0.0, 1.0]], "init_pose": [[-0.8648678660392761, 0.32560834288597107, -0.38207653164863586, 0.00029639899730682373], [0.0010407004738226533, 0.7622710466384888, 0.6472570300102234, -0.029622197151184082], [0.5019981861114502, 0.5593942999839783, -0.659602701663971, 1.5350319147109985], [0.0, 0.0, 0.0, 1.0]], "mesh_points": "../../../fafa_repro-4/mesh/bluerov_points_m.npy", "symmetric": true, "bbox_source": "mask_bbox", "crop_window_xyxy": [184, 111, 452, 379], "gt_pose": [[-0.8933645486831665, 0.2854936122894287, -0.3469769060611725, -0.02620699629187584], [-0.059261396527290344, 0.6905979514122009, 0.7208068370819092, -0.02403346635401249], [0.44540730118751526, 0.6645057201385498, -0.6000369787216187, 1.509877324104309], [0.0, 0.0, 0.0, 1.0]]}
{"id": "s000000_f000002_i000000", "scene_id": 0, "frame_id": 2, "inst_id": 0, "object_id": 1, "image": "../prepared/synth_targets/images/s000000_f000002_i000000.png", "K": [[1058.13330078125, 0.0, 121.17333984375], [0.0, 1065.23486328125, 121.98657989501953], [0.0, 0.0, 1.0]], "init_pose": [[0.7869012355804443, 0.6102691888809204, 0.09142155200242996, 0.04084300249814987], [-0.18453525006771088, 0.09135068207979202, 0.9785712361335754, 0.025799017399549484], [0.5888404846191406, -0.7869094610214233, 0.18450015783309937, 2.8283345699310303], [0.0, 0.0, 0.0, 1.0]], "mesh_points": "../../../fafa_repro-4/mesh/bluerov_points_m.npy", "symmetric": true, "bbox_source": "mask_bbox", "crop_window_xyxy": [249, 169, 399, 318], "gt_pose": [[0.7409186959266663, 0.6711801886558533, 0.023593436926603317, 0.04295787960290909], [-0.18486972153186798, 0.17005333304405212, 0.9679385423660278, 0.0019333205418661237], [0.6456490159034729, -0.7215254902839661, 0.2500765919685364, 2.8369882106781006], [0.0, 0.0, 0.0, 1.0]]}
{"id": "s000000_f000003_i000000", "scene_id": 0, "frame_id": 3, "inst_id": 0, "object_id": 1, "image": "../prepared/synth_targets/images/s000000_f000003_i000000.png", "K": [[1380.173828125, 0.0, 135.7913055419922], [0.0, 1392.28076171875, 125.75438690185547], [0.0, 0.0, 1.0]], "init_pose": [[0.1436828076839447, 0.908659815788269, 0.3920363485813141, -0.024481169879436493], [0.7196250557899475, -0.36787161231040955, 0.5889058113098145, 0.032024580985307693], [0.6793341636657715, 0.19750355184078217, -0.7067512273788452, 3.979752779006958], [0.0, 0.0, 0.0, 1.0]], "mesh_points": "../../../fafa_repro-4/mesh/bluerov_points_m.npy", "symmetric": true, "bbox_source": "mask_bbox", "crop_window_xyxy": [259, 184, 374, 298], "gt_pose": [[0.24450010061264038, 0.9108497500419617, 0.33252424001693726, -0.027119627222418785], [0.6981425285339355, -0.4033518135547638, 0.591526985168457, 0.03956415504217148], [0.6729165315628052, 0.08752092719078064, -0.7345225214958191, 3.965376615524292], [0.0, 0.0, 0.0, 1.0]]}
{"id": "s000000_f000004_i000000", "scene_id": 0, "frame_id": 4, "inst_id": 0, "object_id": 1, "image": "../prepared/synth_targets/images/s000000_f000004_i000000.png", "K": [[738.2325439453125, 0.0, 110.7348861694336], [0.0, 738.2325439453125, 153.60000610351562], [0.0, 0.0, 1.0]], "init_pose": [[0.9698804616928101, -0.24354428052902222, -0.004244944546371698, 0.07840317487716675], [-0.21131058037281036, -0.8325902819633484, -0.5119973421096802, -0.011446734890341759], [0.12115971744060516, 0.49747318029403687, -0.8589766621589661, 1.6008450984954834], [0.0, 0.0, 0.0, 1.0]], "mesh_points": "../../../fafa_repro-4/mesh/bluerov_points_m.npy", "symmetric": true, "bbox_source": "mask_bbox", "crop_window_xyxy": [227, 111, 442, 326], "gt_pose": [[0.9861553907394409, -0.1594189703464508, 0.04564082249999046, 0.05968393757939339], [-0.11396895349025726, -0.8515242338180542, -0.5117788910865784, -0.028856784105300903], [0.12045152485370636, 0.4994918704032898, -0.8579040765762329, 1.5900424718856812], [0.0, 0.0, 0.0, 1.0]]}
{"id": "s000000_f000005_i000000", "scene_id": 0, "frame_id": 5, "inst_id": 0, "object_id": 1, "image": "../prepared/synth_targets/images/s000000_f000005_i000000.png", "K": [[928.1871337890625, 0.0, 130.24562072753906], [0.0, 928.1871337890625, 128.74853515625], [0.0, 0.0, 1.0]], "init_pose": [[-0.8862280249595642, -0.30865269899368286, -0.34544655680656433, -0.02024986781179905], [-0.31534042954444885, -0.14431995153427124, 0.9379404187202454, 0.019628072157502174], [-0.33935263752937317, 0.9401623606681824, 0.030569694936275482, 2.6009600162506104], [0.0, 0.0, 0.0, 1.0]], "mesh_points": "../../../fafa_repro-4/mesh/bluerov_points_m.npy", "symmetric": true, "bbox_source": "mask_bbox", "crop_window_xyxy": [233, 154, 404, 325], "gt_pose": [[-0.8846524953842163, -0.29656678438186646, -0.3597751557826996, -0.038296762853860855], [-0.3254070580005646, -0.15990415215492249, 0.9319554567337036, -0.00838453508913517], [-0.3339165449142456, 0.9415300488471985, 0.044954657554626465, 2.5906033515930176], [0.0, 0.0, 0.0, 1.0]]}
{"id": "s000000_f000006_i000000", "scene_id": 0, "frame_id": 6, "inst_id": 0, "object_id": 1, "image": "../prepared/synth_targets/images/s000000_f000006_i000000.png", "K": [[1017.4359130859375, 0.0, 118.15384674072266], [0.0, 1017.4359130859375, 132.92308044433594], [0.0, 0.0, 1.0]], "init_pose": [[0.8011040687561035, 0.0640261247754097, -0.5950906872749329, 0.07182010263204575], [-0.5232503414154053, -0.4078019857406616, -0.7482692003250122, -0.027472972869873047], [-0.2905878722667694, 0.9108229279518127, -0.2931901514530182, 2.8679115772247314], [0.0, 0.0, 0.0, 1.0]], "mesh_points": "../../../fafa_repro-4/mesh/bluerov_points_m.npy", "symmetric": true, "bbox_source": "mask_bbox", "crop_window_xyxy": [248, 159, 404, 315], "gt_pose": [[0.8475448489189148, 0.013531941920518875, -0.5305511951446533, 0.06535015255212784], [-0.47381681203842163, -0.4310638904571533, -0.7679073810577393, -0.02053322084248066], [-0.23909270763397217, 0.9022200107574463, -0.35893434286117554, 2.8608617782592773], [0.0, 0.0, 0.0, 1.0]]}
{"id": "s000000_f000007_i000000", "scene_id": 0, "frame_id": 7, "inst_id": 0, "object_id": 1, "image": "../prepared/synth_targets/images/s000000_f000007_i000000.png", "K": [[809.7958984375, 0.0, 130.61224365234375], [0.0, 813.94873046875, 133.90769958496094], [0.0, 0.0, 1.0]], "init_pose": [[0.1775503307580948, 0.16480731964111328, -0.9702136516571045, 0.02067146822810173], [-0.9500631093978882, -0.22837938368320465, -0.2126569002866745, -0.03606131300330162], [-0.2566241919994354, 0.959521472454071, 0.11602850258350372, 2.112804651260376], [0.0, 0.0, 0.0, 1.0]], "mesh_points": "../../../fafa_repro-4/mesh/bluerov_points_m.npy", "symmetric": true, "bbox_source": "mask_bbox", "crop_window_xyxy": [220, 138, 416, 333], "gt_pose": [[0.18045192956924438, 0.16775117814540863, -0.9691731929779053, -0.003464287146925926], [-0.9486232995986938, -0.23068967461585999, -0.21655508875846863, -0.051170121878385544], [-0.259905606508255, 0.9584580659866333, 0.11750426888465881, 2.133049964904785], [0.0, 0.0, 0.0, 1.0]]}
{"id": "s000000_f000008_i000000", "scene_id": 0, "frame_id": 8, "inst_id": 0, "object_id": 1, "image": "../prepared/synth_targets/images/s000000_f000008_i000000.png", "K": [[632.3505859375, 0.0, 115.2509994506836], [0.0, 632.3505859375, 124.43028259277344], [0.0, 0.0, 1.0]], "init_pose": [[0.9729949831962585, 0.2297479510307312, -0.022288763895630836, 0.07264672219753265], [0.11082901805639267, -0.380288302898407, 0.9182035326957703, 0.036065176129341125], [0.20247921347618103, -0.8958775997161865, -0.39548131823539734, 1.64242684841156], [0.0, 0.0, 0.0, 1.0]], "mesh_points": "../../../fafa_repro-4/mesh/bluerov_points_m.npy", "symmetric": true, "bbox_source": "mask_bbox", "crop_window_xyxy": [207, 118, 458, 369], "gt_pose": [[0.9734991788864136, 0.22777396440505981, -0.02045552432537079, 0.05886245146393776], [0.10851886123418808, -0.3813611567020416, 0.9180344939231873, 0.020404310896992683], [0.2013034075498581, -0.8959255814552307, -0.3959725499153137, 1.644940733909607], [0.0, 0.0, 0.0, 1.0]]}
{"id": "s000000_f000009_i000000", "scene_id": 0, "frame_id": 9, "inst_id": 0, "object_id": 1, "image": "../prepared/synth_targets/images/s000000_f000009_i000000.png", "K": [[418.7862854003906, 0.0, 136.4432830810547], [0.0, 418.7862854003906, 124.9604263305664], [0.0, 0.0, 1.0]], "init_pose": [[0.05939505621790886, -0.7342050671577454, 0.676324725151062, -0.03594549000263214], [-0.6765583157539368, 0.4685649871826172, 0.5680807828903198, -0.008976869285106659], [-0.733989953994751, -0.49131426215171814, -0.4689021408557892, 1.1933872699737549], [0.0, 0.0, 0.0, 1.0]], "mesh_points": "../../../fafa_repro-4/mesh/bluerov_points_m.npy", "symmetric": true, "bbox_source": "mask_bbox", "crop_window_xyxy": [118, 55, 497, 434], "gt_pose": [[0.05845552310347557, -0.7503681778907776, 0.6584303379058838, -0.0243715588003397], [-0.6784536242485046, 0.453969806432724, 0.5775916576385498, -0.02989193983376026], [-0.7323139309883118, -0.48047786951065063, -0.48255297541618347, 1.1658930778503418], [0.0, 0.0, 0.0, 1.0]]}
{"id": "s000000_f000010_i000000", "scene_id": 0, "frame_id": 10, "inst_id": 0, "object_id": 1, "image": "../prepared/synth_targets/images/s000000_f000010_i000000.png", "K": [[469.5858154296875, 0.0, 105.27810668945312], [0.0, 469.5858154296875, 137.84616088867188], [0.0, 0.0, 1.0]], "init_pose": [[0.9094707369804382, -0.16069680452346802, 0.38345736265182495, 0.06077813729643822], [0.15921849012374878, -0.7173668742179871, -0.6782582402229309, 0.04333515837788582], [0.38407355546951294, 0.6779095530509949, -0.6268382668495178, 1.2162548303604126], [0.0, 0.0, 0.0, 1.0]], "mesh_points": "../../../fafa_repro-4/mesh/bluerov_points_m.npy", "symmetric": true, "bbox_source": "mask_bbox", "crop_window_xyxy": [181, 58, 519, 396], "gt_pose": [[0.909807026386261, -0.15830449759960175, 0.3836546242237091, 0.07005835324525833], [0.16958440840244293, -0.701911985874176, -0.6917808055877686, 0.023314110934734344], [0.3788037896156311, 0.6944488883018494, -0.6117584705352783, 1.2305409908294678], [0.0, 0.0, 0.0, 1.0]]}
{"id": "s000000_f000011_i000000", "scene_id": 0, "frame_id": 11, "inst_id": 0, "object_id": 1, "image": "../prepared/synth_targets/images/s000000_f000011_i000000.png", "K": [[1392.28076171875, 0.0, 128.0], [0.0, 1392.28076171875, 148.2105255126953], [0.0, 0.0, 1.0]], "init_pose": [[0.3202585279941559, -0.9086104035377502, 0.26807060837745667, 0.031787626445293427], [-0.8695441484451294, -0.3942417502403259, -0.29743334650993347, -0.055977072566747665], [0.3759356141090393, -0.13784366846084595, -0.9163360595703125, 3.475998878479004], [0.0, 0.0, 0.0, 1.0]], "mesh_points": "../../../fafa_repro-4/mesh/bluerov_points_m.npy", "symmetric": true, "bbox_source": "mask_bbox", "crop_window_xyxy": [263, 174, 377, 288], "gt_pose": [[0.25474047660827637, -0.9530696868896484, 0.16360178589820862, 0.013884896412491798], [-0.9083160758018494, -0.2938739061355591, -0.29765784740448, -0.0634574219584465], [0.33176693320274353, -0.07277661561965942, -0.9405500888824463, 3.4517951011657715], [0.0, 0.0, 0.0, 1.0]]}
{"id": "s000000_f000012_i000000", "scene_id": 0, "frame_id": 12, "inst_id": 0, "object_id": 1, "image": "../prepared/synth_targets/images/s000000_f000012_i000000.png", "K": [[1072.4324951171875, 0.0, 133.18919372558594], [0.0, 1072.4324951171875, 129.729736328125], [0.0, 0.0, 1.0]], "init_pose": [[0.4668075144290924, -0.7030380368232727, -0.5364962816238403, 0.024322232231497765], [-0.3446180820465088, 0.41408437490463257, -0.8424800038337708, -0.022141486406326294], [0.814450204372406, 0.5781623125076294, -0.048981923609972, 3.108977794647217], [0.0, 0.0, 0.0, 1.0]], "mesh_points": "../../../fafa_repro-4/mesh/bluerov_points_m.npy", "symmetric": true, "bbox_source": "mask_bbox", "crop_window_xyxy": [243, 165, 391, 313], "gt_pose": [[0.39028069376945496, -0.7130947113037109, -0.5823889970779419, 0.024352986365556717], [-0.4421129524707794, 0.40969887375831604, -0.7979241609573364, -0.028802921995520592], [0.8075996041297913, 0.5688961148262024, -0.15537084639072418, 3.079484701156616], [0.0, 0.0, 0.0, 1.0]]}
{"id": "s000000_f000013_i000000", "scene_id": 0, "frame_id": 13, "inst_id": 0, "object_id": 1, "image": "../prepared/synth_targets/images/s000000_f000013_i000000.png", "K": [[886.703857421875, 0.0, 133.00558471679688], [0.0, 886.703857421875, 128.71507263183594], [0.0, 0.0, 1.0]], "init_pose": [[-0.37851041555404663, -0.17536334693431854, -0.9088330864906311, -0.00909058004617691], [-0.6656681299209595, 0.7338165640830994, 0.13564403355121613, -0.03986265882849693], [0.6431297659873962, 0.6563239097595215, -0.3944909870624542, 2.5212180614471436], [0.0, 0.0, 0.0, 1.0]], "mesh_points": "../../../fafa_repro-4/mesh/bluerov_points_m.npy", "symmetric": true, "bbox_source": "mask_bbox", "crop_window_xyxy": [227, 150, 406, 329], "gt_pose": [[-0.3472549319267273, -0.1714506894350052, -0.9219645857810974, -0.034628741443157196], [-0.6575883626937866, 0.7454426288604736, 0.10905422270298004, -0.03753437474370003], [0.668574333190918, 0.6441428065299988, -0.3716025948524475, 2.5246217250823975], [0.0, 0.0, 0.0, 1.0]]}
{"id": "s000000_f000014_i000000", "scene_id": 0, "frame_id": 14, "inst_id": 0, "object_id": 1, "image": "../prepared/synth_targets/images/s000000_f000014_i000000.png", "K": [[690.0869140625, 0.0, 121.32173156738281], [0.0, 687.0995483398438, 123.01298522949219], [0.0, 0.0, 1.0]], "init_pose": [[0.5644076466560364, 0.8081594109535217, -0.16829271614551544, 0.021669622510671616], [-0.15132787823677063, 0.3017065227031708, 0.9413145780563354, 0.008213048800826073], [0.8115071654319763, -0.5058178305625916, 0.29258251190185547, 1.817223310470581], [0.0, 0.0, 0.0, 1.0]], "mesh_points": "../../../fafa_repro-4/mesh/bluerov_points_m.npy", "symmetric": true, "bbox_source": "mask_bbox", "crop_window_xyxy": [211, 129, 441, 360], "gt_pose": [[0.5725827813148499, 0.8037856817245483, -0.16148559749126434, 0.034625839442014694], [-0.1479996144771576, 0.29507267475128174, 0.9439429640769958, -0.008863208815455437], [0.8063777685165405, -0.5165857076644897, 0.2879134714603424, 1.8312017917633057], [0.0, 0.0, 0.0, 1.0]]}
{"id": "s000000_f000015_i000000", "scene_id": 0, "frame_id": 15, "inst_id": 0, "object_id": 1, "image": "../prepared/synth_targets/images/s000000_f000015_i000000.png", "K": [[950.419189453125, 0.0, 114.97006225585938], [0.0, 956.14453125, 118.74698638916016], [0.0, 0.0, 1.0]], "init_pose": [[0.5173210501670837, 0.7038313746452332, 0.4868267774581909, 0.016393696889281273], [0.8133726119995117, -0.2274978756904602, -0.535415530204773, 0.05916152521967888], [-0.26609018445014954, 0.6729533076286316, -0.6901665925979614, 2.592395782470703], [0.0, 0.0, 0.0, 1.0]], "mesh_points": "../../../fafa_repro-4/mesh/bluerov_points_m.npy", "symmetric": true, "bbox_source": "mask_bbox", "crop_window_xyxy": [245, 163, 412, 329], "gt_pose": [[0.4916225075721741, 0.7089974284172058, 0.5055986046791077, 0.026349017396569252], [0.8256461024284363, -0.19495916366577148, -0.5294331908226013, 0.06358826905488968], [-0.2767956852912903, 0.6777268052101135, -0.6812272667884827, 2.5814948081970215], [0.0, 0.0, 0.0, 1.0]]}
{"id": "s000000_f000016_i000000", "scene_id": 0, "frame_id": 16, "inst_id": 0, "object_id": 1, "image": "../prepared/synth_targets/images/s000000_f000016_i000000.png", "K": [[1483.3643798828125, 0.0, 122.01868438720703], [0.0, 1483.3643798828125, 122.01868438720703], [0.0, 0.0, 1.0]], "init_pose": [[-0.31730055809020996, 0.6068560481071472, 0.7287291884422302, -0.005136042833328247], [0.8781511783599854, -0.10207637399435043, 0.46736615896224976, 0.07217013090848923], [0.3580099642276764, 0.7882298827171326, -0.5005225539207458, 3.908957004547119], [0.0, 0.0, 0.0, 1.0]], "mesh_points": "../../../fafa_repro-4/mesh/bluerov_points_m.npy", "symmetric": true, "bbox_source": "mask_bbox", "crop_window_xyxy": [269, 189, 376, 296], "gt_pose": [[-0.366594135761261, 0.6264417767524719, 0.6878805160522461, -0.01573806256055832], [0.8669135570526123, -0.03840053826570511, 0.496977299451828, 0.04401298239827156], [0.33774226903915405, 0.7785218358039856, -0.528993546962738, 3.913292169570923], [0.0, 0.0, 0.0, 1.0]]}
{"id": "s000000_f000017_i000000", "scene_id": 0, "frame_id": 17, "inst_id": 0, "object_id": 1, "image": "../prepared/synth_targets/images/s000000_f000017_i000000.png", "K": [[1311.7354736328125, 0.0, 141.75205993652344], [0.0, 1322.666748046875, 128.0], [0.0, 0.0, 1.0]], "init_pose": [[-0.6539419889450073, 0.4957295060157776, -0.5714998841285706, -0.06441932916641235], [0.5359124541282654, 0.8367341756820679, 0.11257769912481308, -0.007586858235299587], [0.5340015888214111, -0.2326546311378479, -0.8128432631492615, 3.6892149448394775], [0.0, 0.0, 0.0, 1.0]], "mesh_points": "../../../fafa_repro-4/mesh/bluerov_points_m.npy", "symmetric": true, "bbox_source": "mask_bbox", "crop_window_xyxy": [253, 180, 374, 300], "gt_pose": [[-0.6392342448234558, 0.5093134045600891, -0.5761765837669373, -0.06793443858623505], [0.5368956923484802, 0.8319876194000244, 0.13978417217731476, 0.01306734886020422], [0.5505657196044922, -0.21999187767505646, -0.8052831292152405, 3.716475248336792], [0.0, 0.0, 0.0, 1.0]]}
{"id": "s000000_f000018_i000000", "scene_id": 0, "frame_id": 18, "inst_id": 0, "object_id": 1, "image": "../prepared/synth_targets/images/s000000_f000018_i000000.png", "K": [[448.361572265625, 0.0, 129.4463348388672], [0.0, 449.6317138671875, 134.164306640625], [0.0, 0.0, 1.0]], "init_pose": [[-0.6590062379837036, 0.026566963642835617, -0.7516681551933289, -0.04114484414458275], [0.32487475872039795, 0.9113960862159729, -0.2526134252548218, 0.022691909223794937], [0.6783562898635864, -0.41067183017730713, -0.6092466711997986, 1.3244104385375977], [0.0, 0.0, 0.0, 1.0]], "mesh_points": "../../../fafa_repro-4/mesh/bluerov_points_m.npy", "symmetric": true, "bbox_source": "mask_bbox", "crop_window_xyxy": [141, 55, 495, 408], "gt_pose": [[-0.6594090461730957, -0.04248534142971039, -0.7505829930305481, -0.024524711072444916], [0.25786736607551575, 0.9250494837760925, -0.2789047062397003, 0.008279656991362572], [0.7061758041381836, -0.37746313214302063, -0.5990304350852966, 1.3279322385787964], [0.0, 0.0, 0.0, 1.0]]}
{"id": "s000000_f000019_i000000", "scene_id": 0, "frame_id": 19, "inst_id": 0, "object_id": 1, "image": "../prepared/synth_targets/images/s000000_f000019_i000000.png", "K": [[789.6517333984375, 0.0, 126.08954620361328], [0.0, 785.7425537109375, 125.46534729003906], [0.0, 0.0, 1.0]], "init_pose": [[-0.09478969871997833, 0.39387139678001404, 0.9142649173736572, -0.0364174023270607], [0.2204023003578186, -0.8873052597045898, 0.40510794520378113, 0.033321019262075424], [0.9707924127578735, 0.23990613222122192, -0.0027029032353311777, 2.0838112831115723], [0.0, 0.0, 0.0, 1.0]], "mesh_points": "../../../fafa_repro-4/mesh/bluerov_points_m.npy", "symmetric": true, "bbox_source": "mask_bbox", "crop_window_xyxy": [221, 141, 422, 343], "gt_pose": [[-0.1435430496931076, 0.41413432359695435, 0.8988260626792908, -0.022726092487573624], [0.24193811416625977, -0.8659883141517639, 0.4376419186592102, 0.046478670090436935], [0.9596152901649475, 0.2802807092666626, 0.024111585691571236, 2.057281970977783], [0.0, 0.0, 0.0, 1.0]]}
{"id": "s000000_f000020_i000000", "scene_id": 0, "frame_id": 20, "inst_id": 0, "object_id": 1, "image": "../prepared/synth_targets/images/s000000_f000020_i000000.png", "K": [[1220.923095703125, 0.0, 135.87692260742188], [0.0, 1220.923095703125, 135.87692260742188], [0.0, 0.0, 1.0]], "init_pose": [[0.5072013735771179, 0.27266520261764526, 0.8175575733184814, -0.007801912724971771], [0.8553523421287537, -0.04319463670253754, -0.5162429213523865, 0.0316162034869194], [-0.10544741898775101, 0.961138904094696, -0.2551332414150238, 3.4398579597473145], [0.0, 0.0, 0.0, 1.0]], "mesh_points": "../../../fafa_repro-4/mesh/bluerov_points_m.npy", "symmetric": true, "bbox_source": "mask_bbox", "crop_window_xyxy": [251, 171, 381, 301], "gt_pose": [[0.4917532205581665, 0.3155445456504822, 0.8115481734275818, -0.008617540821433067], [0.8612831234931946, -0.039319079369306564, -0.5066019296646118, 0.015081267803907394], [-0.1279461830854416, 0.9480958580970764, -0.29110848903656006, 3.469820976257324], [0.0, 0.0, 0.0, 1.0]]}
{"id": "s000000_f000021_i000000", "scene_id": 0, "frame_id": 21, "inst_id": 0, "object_id": 1, "image": "../prepared/synth_targets/images/s000000_f000021_i000000.png", "K": [[1030.6492919921875, 0.0, 128.0], [0.0, 1024.0, 117.26451110839844], [0.0, 0.0, 1.0]], "init_pose": [[0.96791011095047, 0.17362818121910095, -0.1816679984331131, 0.059715636074543], [-0.1464729756116867, -0.19762477278709412, -0.969273030757904, 0.01900973543524742], [-0.20419521629810333, 0.9647786021232605, -0.1658511906862259, 2.6183083057403564], [0.0, 0.0, 0.0, 1.0]], "mesh_points": "../../../fafa_repro-4/mesh/bluerov_points_m.npy", "symmetric": true, "bbox_source": "mask_bbox", "crop_window_xyxy": [243, 169, 397, 324], "gt_pose": [[0.9724889993667603, 0.14560173451900482, -0.1818385273218155, 0.041096679866313934], [-0.13823939859867096, -0.26757436990737915, -0.9535689949989319, 0.028694020584225655], [-0.1874966323375702, 0.9524726271629333, -0.24008525907993317, 2.6209707260131836], [0.0, 0.0, 0.0, 1.0]]}
{"id": "s000000_f000022_i000000", "scene_id": 0, "frame_id": 22, "inst_id": 0, "object_id": 1, "image": "../prepared/synth_targets/images/s000000_f000022_i000000.png", "K": [[422.1276550292969, 0.0, 129.3616943359375], [0.0, 423.2533264160156, 126.2933349609375], [0.0, 0.0, 1.0]], "init_pose": [[0.8590990304946899, 0.3281525671482086, 0.39276567101478577, 0.009795342572033405], [-0.4032391309738159, -0.03862573206424713, 0.9142791628837585, -0.029215697199106216], [0.31519386172294617, -0.9438347816467285, 0.09914061427116394, 1.2325574159622192], [0.0, 0.0, 0.0, 1.0]], "mesh_points": "../../../fafa_repro-4/mesh/bluerov_points_m.npy", "symmetric": true, "bbox_source": "mask_bbox", "crop_window_xyxy": [130, 55, 506, 430], "gt_pose": [[0.8343329429626465, 0.33727437257766724, 0.43604427576065063, 0.01975983753800392], [-0.44889408349990845, -0.04345012083649635, 0.8925280570983887, -0.012901769019663334], [0.319972962141037, -0.9404032230377197, 0.11514858901500702, 1.262200117111206], [0.0, 0.0, 0.0, 1.0]]}
{"id": "s000000_f000023_i000000", "scene_id": 0, "frame_id": 23, "inst_id": 0, "object_id": 1, "image": "../prepared/synth_targets/images/s000000_f000023_i000000.png", "K": [[805.6852416992188, 0.0, 126.0507583618164], [0.0, 805.6852416992188, 142.94415283203125], [0.0, 0.0, 1.0]], "init_pose": [[-0.9898725748062134, -0.07527168095111847, -0.12036032974720001, -0.03422372788190842], [-0.026528453454375267, 0.930998682975769, -0.3640572726726532, -0.01981653831899166], [0.1394585222005844, -0.3571773171424866, -0.9235669374465942, 1.624321460723877], [0.0, 0.0, 0.0, 1.0]], "mesh_points": "../../../fafa_repro-4/mesh/bluerov_points_m.npy", "symmetric": true, "bbox_source": "mask_bbox", "crop_window_xyxy": [223, 130, 420, 327], "gt_pose": [[-0.9985975623130798, -0.04525423422455788, -0.027479859068989754, -0.02630508691072464], [-0.035834528505802155, 0.9597951173782349, -0.2784048020839691, -0.031215481460094452], [0.038974031805992126, -0.2770296037197113, -0.9600707292556763, 1.6378874778747559], [0.0, 0.0, 0.0, 1.0]]}
{"id": "s000000_f000024_i000000", "scene_id": 0, "frame_id": 24, "inst_id": 0, "object_id": 1, "image": "../prepared/synth_targets/images/s000000_f000024_i000000.png", "K": [[1125.6737060546875, 0.0, 119.82978057861328], [0.0, 1117.7464599609375, 124.39436340332031], [0.0, 0.0, 1.0]], "init_pose": [[-0.28198254108428955, 0.23691250383853912, 0.9297088980674744, 0.015790922567248344], [-0.8952664136886597, -0.4133720099925995, -0.16619868576526642, 0.013419212773442268], [0.3449409604072571, -0.879202127456665, 0.32866325974464417, 3.123309850692749], [0.0, 0.0, 0.0, 1.0]], "mesh_points": "../../../fafa_repro-4/mesh/bluerov_points_m.npy", "symmetric": true, "bbox_source": "mask_bbox", "crop_window_xyxy": [254, 171, 395, 313], "gt_pose": [[-0.30973362922668457, 0.22163331508636475, 0.9246318340301514, 0.004821219481527805], [-0.8729190230369568, -0.4517892599105835, -0.18411731719970703, -0.015005908906459808], [0.3769320845603943, -0.8641558885574341, 0.33340203762054443, 3.144224166870117], [0.0, 0.0, 0.0, 1.0]]}
{"id": "s000000_f000025_i000000", "scene_id": 0, "frame_id": 25, "inst_id": 0, "object_id": 1, "image": "../prepared/synth_targets/images/s000000_f000025_i000000.png", "K": [[572.9963989257812, 0.0, 136.77978515625], [0.0, 575.0724487304688, 108.52174377441406], [0.0, 0.0, 1.0]], "init_pose": [[-0.09380531311035156, 0.7815447449684143, -0.6167564988136292, -0.03985185921192169], [0.9884134531021118, 0.14735732972621918, 0.03639679774641991, 0.08411891758441925], [0.11932931840419769, -0.6061961650848389, -0.7863121628761292, 1.298476219177246], [0.0, 0.0, 0.0, 1.0]], "mesh_points": "../../../fafa_repro-4/mesh/bluerov_points_m.npy", "symmetric": true, "bbox_source": "mask_bbox", "crop_window_xyxy": [172, 123, 449, 399], "gt_pose": [[-0.04371245205402374, 0.7573009729385376, -0.6516015529632568, -0.021373800933361053], [0.9952515363693237, 0.08978701382875443, 0.0375857912003994, 0.05915217474102974], [0.08696912974119186, -0.6468644738197327, -0.7576297521591187, 1.293716549873352], [0.0, 0.0, 0.0, 1.0]]}
{"id": "s000000_f000026_i000000", "scene_id": 0, "frame_id": 26, "inst_id": 0, "object_id": 1, "image": "../prepared/synth_targets/images/s000000_f000026_i000000.png", "K": [[1249.7637939453125, 0.0, 126.99212646484375], [0.0, 1240.0, 124.0], [0.0, 0.0, 1.0]], "init_pose": [[-0.3473438322544098, 0.7502780556678772, 0.5625256299972534, -0.057959362864494324], [0.4900149703025818, -0.36623820662498474, 0.7910467982292175, 0.01048034243285656], [0.7995234131813049, 0.5504111647605896, -0.24043698608875275, 3.6259922981262207], [0.0, 0.0, 0.0, 1.0]], "mesh_points": "../../../fafa_repro-4/mesh/bluerov_points_m.npy", "symmetric": true, "bbox_source": "mask_bbox", "crop_window_xyxy": [257, 178, 384, 306], "gt_pose": [[-0.44565749168395996, 0.7067034244537354, 0.5495086312294006, -0.039300158619880676], [0.5263129472732544, -0.28969964385032654, 0.7994178533554077, 0.03822791576385498], [0.7241437435150146, 0.6454800367355347, -0.24284043908119202, 3.632129430770874], [0.0, 0.0, 0.0, 1.0]]}
{"id": "s000000_f000027_i000000", "scene_id": 0, "frame_id": 27, "inst_id": 0, "object_id": 1, "image": "../prepared/synth_targets/images/s000000_f000027_i000000.png", "K": [[426.6666564941406, 0.0, 121.11827850341797], [0.0, 427.81671142578125, 121.44474029541016], [0.0, 0.0, 1.0]], "init_pose": [[-0.72196364402771, 0.17499276995658875, 0.6694371104240417, 0.008687462657690048], [0.5681983232498169, 0.7020578980445862, 0.42926132678985596, -0.014943021349608898], [-0.394866019487381, 0.6902841329574585, -0.606290876865387, 1.216123342514038], [0.0, 0.0, 0.0, 1.0]], "mesh_points": "../../../fafa_repro-4/mesh/bluerov_points_m.npy", "symmetric": true, "bbox_source": "mask_bbox", "crop_window_xyxy": [144, 64, 516, 435], "gt_pose": [[-0.7480689287185669, 0.17988407611846924, 0.6387758851051331, -0.01957179419696331], [0.5460756421089172, 0.7138100266456604, 0.43849363923072815, 0.0035060166846960783], [-0.3770866096019745, 0.6768434047698975, -0.6322094202041626, 1.204885482788086], [0.0, 0.0, 0.0, 1.0]]}
{"id": "s000000_f000028_i000000", "scene_id": 0, "frame_id": 28, "inst_id": 0, "object_id": 1, "image": "../prepared/synth_targets/images/s000000_f000028_i000000.png", "K": [[1211.60302734375, 0.0, 136.7938995361328], [0.0, 1211.60302734375, 123.114501953125], [0.0, 0.0, 1.0]], "init_pose": [[-0.8447259664535522, -0.3810482621192932, 0.3758198618888855, -0.061775024980306625], [0.29405826330184937, 0.25627315044403076, 0.9207898378372192, 0.044241175055503845], [-0.4471778869628906, 0.8883278369903564, -0.10443028807640076, 3.1445159912109375], [0.0, 0.0, 0.0, 1.0]], "mesh_points": "../../../fafa_repro-4/mesh/bluerov_points_m.npy", "symmetric": true, "bbox_source": "mask_bbox", "crop_window_xyxy": [250, 177, 381, 308], "gt_pose": [[-0.8721165657043457, -0.3897932767868042, 0.29576024413108826, -0.04874255508184433], [0.19509942829608917, 0.27730438113212585, 0.9407649040222168, 0.014748580753803253], [-0.44871944189071655, 0.8781591653823853, -0.16579338908195496, 3.165194511413574], [0.0, 0.0, 0.0, 1.0]]}
{"id": "s000000_f000029_i000000", "scene_id": 0, "frame_id": 29, "inst_id": 0, "object_id": 1, "image": "../prepared/synth_targets/images/s000000_f000029_i000000.png", "K": [[822.3834228515625, 0.0, 131.31605529785156], [0.0, 822.3834228515625, 126.01036071777344], [0.0, 0.0, 1.0]], "init_pose": [[0.5857131481170654, -0.2706463634967804, 0.7639964818954468, 0.0063224779441952705], [-0.5479419827461243, -0.8267911672592163, 0.1271848976612091, -0.047544896602630615], [0.5972434282302856, -0.49311959743499756, -0.6325610280036926, 2.4495277404785156], [0.0, 0.0, 0.0, 1.0]], "mesh_points": "../../../fafa_repro-4/mesh/bluerov_points_m.npy", "symmetric": true, "bbox_source": "mask_bbox", "crop_window_xyxy": [221, 145, 414, 338], "gt_pose": [[0.6350730061531067, -0.22942261397838593, 0.7375957369804382, 0.012759634293615818], [-0.513861358165741, -0.8384202122688293, 0.18165358901023865, -0.017557471990585327], [0.5767397880554199, -0.4943852424621582, -0.650349497795105, 2.4365181922912598], [0.0, 0.0, 0.0, 1.0]]}
{"id": "s000000_f000030_i000000", "scene_id": 0, "frame_id": 30, "inst_id": 0, "object_id": 1, "image": "../prepared/synth_targets/images/s000000_f000030_i000000.png", "K": [[1240.0, 0.0, 126.0], [0.0, 1230.3875732421875, 119.06976318359375], [0.0, 0.0, 1.0]], "init_pose": [[-0.9661830067634583, 0.1520119309425354, 0.20828628540039062, -0.022562570869922638], [-0.22705046832561493, -0.11865490674972534, -0.9666277766227722, 0.04946206882596016], [-0.12222477793693542, -0.9812306761741638, 0.14915654063224792, 3.2799572944641113], [0.0, 0.0, 0.0, 1.0]], "mesh_points": "../../../fafa_repro-4/mesh/bluerov_points_m.npy", "symmetric": true, "bbox_source": "mask_bbox", "crop_window_xyxy": [257, 180, 385, 309], "gt_pose": [[-0.949005126953125, 0.2525867223739624, 0.18865211308002472, -0.03776856139302254], [-0.21949899196624756, -0.09984972327947617, -0.9704897999763489, 0.021253734827041626], [-0.22629596292972565, -0.9624085426330566, 0.1502002328634262, 3.2788515090942383], [0.0, 0.0, 0.0, 1.0]]}
{"id": "s000000_f000031_i000000", "scene_id": 0, "frame_id": 31, "inst_id": 0, "object_id": 1, "image": "../prepared/synth_targets/images/s000000_f000031_i000000.png", "K": [[876.9061279296875, 0.0, 121.63536071777344], [0.0, 876.9061279296875, 125.87845611572266], [0.0, 0.0, 1.0]], "init_pose": [[0.43108153343200684, 0.5897072553634644, -0.6829452514648438, 0.01087133213877678], [0.897455632686615, -0.20178717374801636, 0.39224404096603394, 0.06814276427030563], [0.09349954128265381, -0.7820022106170654, -0.6162227988243103, 2.4948813915252686], [0.0, 0.0, 0.0, 1.0]], "mesh_points": "../../../fafa_repro-4/mesh/bluerov_points_m.npy", "symmetric": true, "bbox_source": "mask_bbox", "crop_window_xyxy": [234, 151, 415, 332], "gt_pose": [[0.4989883601665497, 0.5239063501358032, -0.6903135180473328, 0.03253063187003136], [0.8596291542053223, -0.19833920896053314, 0.47084954380989075, 0.0384039431810379], [0.10976480692625046, -0.8283621072769165, -0.5493341088294983, 2.4967219829559326], [0.0, 0.0, 0.0, 1.0]]}
{"id": "s000000_f000032_i000000", "scene_id": 0, "frame_id": 32, "inst_id": 0, "object_id": 1, "image": "../prepared/synth_targets/images/s000000_f000032_i000000.png", "K": [[384.3099365234375, 0.0, 145.66586303710938], [0.0, 384.3099365234375, 133.8886260986328], [0.0, 0.0, 1.0]], "init_pose": [[-0.41158542037010193, -0.90060955286026, -0.13964247703552246, -0.040789760649204254], [-0.4905661344528198, 0.08979767560958862, 0.8667648434638977, -0.019701732322573662], [-0.7680770754814148, 0.4252516031265259, -0.4787680208683014, 1.1221930980682373], [0.0, 0.0, 0.0, 1.0]], "mesh_points": "../../../fafa_repro-4/mesh/bluerov_points_m.npy", "symmetric": true, "bbox_source": "mask_bbox", "crop_window_xyxy": [85, 24, 498, 437], "gt_pose": [[-0.3464937210083008, -0.9231840372085571, -0.16635343432426453, -0.025418007746338844], [-0.520397424697876, 0.04162774607539177, 0.8529089689254761, -0.02890985831618309], [-0.7804669737815857, 0.382097452878952, -0.4948464035987854, 1.0941574573516846], [0.0, 0.0, 0.0, 1.0]]}
{"id": "s000000_f000033_i000000", "scene_id": 0, "frame_id": 33, "inst_id": 0, "object_id": 1, "image": "../prepared/synth_targets/images/s000000_f000033_i000000.png", "K": [[1125.6737060546875, 0.0, 130.72340393066406], [0.0, 1133.7142333984375, 120.68571472167969], [0.0, 0.0, 1.0]], "init_pose": [[-0.06225817650556564, 0.6987791657447815, -0.7126230001449585, -0.025321299210190773], [-0.17362554371356964, 0.6955382227897644, 0.6971949338912964, 0.0003875540569424629], [0.9828419089317322, 0.16713561117649078, 0.07802295684814453, 2.940835952758789], [0.0, 0.0, 0.0, 1.0]], "mesh_points": "../../../fafa_repro-4/mesh/bluerov_points_m.npy", "symmetric": true, "bbox_source": "mask_bbox", "crop_window_xyxy": [248, 174, 389, 314], "gt_pose": [[-0.02936665713787079, 0.7376099228858948, -0.6745882034301758, -0.027132363989949226], [-0.25535663962364197, 0.6469492316246033, 0.7185052037239075, -0.012341820634901524], [0.9664009213447571, 0.19336062669754028, 0.16935484111309052, 2.9430086612701416], [0.0, 0.0, 0.0, 1.0]]}
{"id": "s000000_f000034_i000000", "scene_id": 0, "frame_id": 34, "inst_id": 0, "object_id": 1, "image": "../prepared/synth_targets/images/s000000_f000034_i000000.png", "K": [[1442.9090576171875, 0.0, 137.30908203125], [0.0, 1442.9090576171875, 125.67272186279297], [0.0, 0.0, 1.0]], "init_pose": [[-0.20075659453868866, -0.37070232629776, 0.906794548034668, -0.024043560028076172], [-0.026393482461571693, 0.9273503422737122, 0.37326231598854065, 0.009448200464248657], [-0.9792854189872742, 0.05100145563483238, -0.1959558129310608, 3.7157442569732666], [0.0, 0.0, 0.0, 1.0]], "mesh_points": "../../../fafa_repro-4/mesh/bluerov_points_m.npy", "symmetric": true, "bbox_source": "mask_bbox", "crop_window_xyxy": [261, 186, 371, 296], "gt_pose": [[-0.13266102969646454, -0.4275526702404022, 0.8942033052444458, -0.014210452325642109], [-0.12066163122653961, 0.9024336934089661, 0.41358694434165955, -0.006962345447391272], [-0.9837893843650818, -0.053029123693704605, -0.17130698263645172, 3.7164194583892822], [0.0, 0.0, 0.0, 1.0]]}
{"id": "s000000_f000035_i000000", "scene_id": 0, "frame_id": 35, "inst_id": 0, "object_id": 1, "image": "../prepared/synth_targets/images/s000000_f000035_i000000.png", "K": [[1202.42431640625, 0.0, 120.242431640625], [0.0, 1202.42431640625, 116.36363983154297], [0.0, 0.0, 1.0]], "init_pose": [[0.4408430755138397, 0.7700418829917908, 0.4611865282058716, 0.038123469799757004], [0.2919216752052307, 0.3628726601600647, -0.8849323391914368, 0.01729457825422287], [-0.8487868905067444, 0.5247466564178467, -0.06482202559709549, 3.2523550987243652], [0.0, 0.0, 0.0, 1.0]], "mesh_points": "../../../fafa_repro-4/mesh/bluerov_points_m.npy", "symmetric": true, "bbox_source": "mask_bbox", "crop_window_xyxy": [258, 180, 390, 312], "gt_pose": [[0.45696231722831726, 0.7762666344642639, 0.4342760145664215, 0.014361095614731312], [0.28119605779647827, 0.33712032437324524, -0.8984869122505188, 0.03500262275338173], [-0.843868613243103, 0.5326913595199585, -0.06423185020685196, 3.2696547508239746], [0.0, 0.0, 0.0, 1.0]]}
{"id": "s000000_f000036_i000000", "scene_id": 0, "frame_id": 36, "inst_id": 0, "object_id": 1, "image": "../prepared/synth_targets/images/s000000_f000036_i000000.png", "K": [[752.2275390625, 0.0, 122.54029083251953], [0.0, 748.6792602539062, 125.58490753173828], [0.0, 0.0, 1.0]], "init_pose": [[0.16534167528152466, -0.31118178367614746, -0.9358569979667664, 0.04181601479649544], [-0.3705846071243286, 0.8597763180732727, -0.35135698318481445, -0.038851384073495865], [0.9139634966850281, 0.404908150434494, 0.0268376637250185, 1.9420154094696045], [0.0, 0.0, 0.0, 1.0]], "mesh_points": "../../../fafa_repro-4/mesh/bluerov_points_m.npy", "symmetric": true, "bbox_source": "mask_bbox", "crop_window_xyxy": [219, 136, 430, 348], "gt_pose": [[0.14690278470516205, -0.3401848077774048, -0.9288132190704346, 0.03884405270218849], [-0.4420410692691803, 0.8174418210983276, -0.3693082928657532, -0.03339606523513794], [0.8848838210105896, 0.4648260176181793, -0.030291179195046425, 1.9476938247680664], [0.0, 0.0, 0.0, 1.0]]}
{"id": "s000000_f000037_i000000", "scene_id": 0, "frame_id": 37, "inst_id": 0, "object_id": 1, "image": "../prepared/synth_targets/images/s000000_f000037_i000000.png", "K": [[1417.1429443359375, 0.0, 118.85714721679688], [0.0, 1429.909912109375, 122.23423767089844], [0.0, 0.0, 1.0]], "init_pose": [[-0.001105705974623561, 0.09909447282552719, 0.99507737159729, -0.0052355267107486725], [-0.41684654355049133, -0.9045484662055969, 0.08961601555347443, -0.016356203705072403], [0.9089762568473816, -0.41469553112983704, 0.042307283729314804, 3.485351800918579], [0.0, 0.0, 0.0, 1.0]], "mesh_points": "../../../fafa_repro-4/mesh/bluerov_points_m.npy", "symmetric": true, "bbox_source": "mask_bbox", "crop_window_xyxy": [268, 187, 380, 298], "gt_pose": [[-0.017278073355555534, 0.15284036099910736, 0.9880998730659485, 0.017904803156852722], [-0.4334801435470581, -0.8916864395141602, 0.1303471475839615, 0.002137335715815425], [0.900997519493103, -0.4260695278644562, 0.08165980875492096, 3.5036282539367676], [0.0, 0.0, 0.0, 1.0]]}
{"id": "s000000_f000038_i000000", "scene_id": 0, "frame_id": 38, "inst_id": 0, "object_id": 1, "image": "../prepared/synth_targets/images/s000000_f000038_i000000.png", "K": [[1333.7816162109375, 0.0, 129.0756378173828], [0.0, 1345.084716796875, 121.49152374267578], [0.0, 0.0, 1.0]], "init_pose": [[-0.20692501962184906, 0.6721305251121521, -0.7109308838844299, -0.01727728731930256], [0.8142377138137817, 0.521169900894165, 0.25573235750198364, 0.021565154194831848], [0.5424012541770935, -0.525949239730835, -0.6551170945167542, 3.4004948139190674], [0.0, 0.0, 0.0, 1.0]], "mesh_points": "../../../fafa_repro-4/mesh/bluerov_points_m.npy", "symmetric": true, "bbox_source": "mask_bbox", "crop_window_xyxy": [260, 184, 379, 302], "gt_pose": [[-0.19919589161872864, 0.6579388976097107, -0.7262488603591919, -0.024492846801877022], [0.8254569172859192, 0.5120697021484375, 0.2374984174966812, 0.03341825678944588], [0.5281494855880737, -0.5521784424781799, -0.6451024413108826, 3.428330898284912], [0.0, 0.0, 0.0, 1.0]]}
